Identifica rosto na imagem analisada
[(57, 221, 242, 35)]
Codifica rosto na imagem encontrada
[array([-0.17068647,  0.06276494,  0.13828838, -0.04304408, -0.0172322 ,
       -0.18795198,  0.05146356, -0.03974685,  0.11583333, -0.09573355,
        0.18519713, -0.04824913, -0.18181649, -0.11209415,  0.01973228,
        0.14539652, -0.20856956, -0.1015294 , -0.05703556, -0.14492115,
        0.08195396,  0.0416036 ,  0.02992196,  0.04145626, -0.01726093,
       -0.39823925, -0.07139036, -0.11580194,  0.04324285, -0.01131675,
        0.00528543,  0.00052807, -0.16650593, -0.04672743, -0.0188675 ,
        0.06135258,  0.0326524 , -0.03478301,  0.11868379, -0.00063828,
       -0.08102656, -0.11475537,  0.00966683,  0.26711532,  0.12252158,
        0.07421458,  0.03594694,  0.01705107,  0.08926489, -0.2626206 ,
        0.04713011,  0.11404758,  0.12339316,  0.01991014,  0.09530365,
       -0.07720146,  0.04714138,  0.05987125, -0.23147592,  0.06303781,
        0.06509846, -0.06248223, -0.09779724, -0.02313256,  0.23806198,
        0.1308794 , -0.12239348, -0.01886577,  0.14468893, -0.16505188,
       -0.02879454, -0.07380676, -0.09112706, -0.13207814, -0.21054547,
        0.02954874,  0.38361093,  0.142819  , -0.16611762, -0.00615888,
       -0.12746626,  0.03874838,  0.11234374,  0.03935508, -0.13776766,
        0.07151753, -0.14439817,  0.08157512,  0.05658538, -0.02345221,
       -0.03415778,  0.19370781, -0.01947903,  0.04691128,  0.0084649 ,
       -0.02763257, -0.05946159,  0.01437671, -0.07665956, -0.00356925,
        0.1284737 , -0.09643886, -0.01447968,  0.04044388, -0.16909643,
        0.10693324, -0.01490482, -0.00325305, -0.00079854,  0.02728209,
       -0.0933191 , -0.06496674,  0.06780631, -0.12520739,  0.15808448,
        0.23336181, -0.08152428,  0.20432201, -0.03022244,  0.06582902,
       -0.01219279, -0.09224789, -0.10731921, -0.06870065,  0.0407473 ,
        0.02599889,  0.03789848,  0.02007755])]
Exibe os pontos das Partes da Face
[{'chin': [(47, 92), (38, 116), (31, 142), (28, 167), (32, 193), (44, 215), (63, 231), (84, 244), (109, 251), (134, 253), (156, 248), (177, 241), (194, 230), (207, 215), (215, 199), (220, 184), (225, 168)], 'left_eyebrow': [(85, 82), (105, 75), (127, 76), (147, 86), (161, 101)], 'right_eyebrow': [(185, 113), (201, 115), (215, 120), (225, 130), (227, 143)], 'nose_bridge': [(168, 121), (165, 130), (163, 140), (161, 150)], 'nose_tip': [(129, 155), (139, 161), (148, 167), (159, 169), (168, 170)], 'left_eye': [(102, 101), (115, 101), (126, 106), (133, 115), (122, 111), (111, 106)], 'right_eye': [(181, 134), (194, 133), (203, 139), (208, 148), (200, 145), (190, 139)], 'top_lip': [(90, 172), (113, 171), (131, 175), (141, 181), (152, 183), (162, 191), (169, 204), (165, 201), (149, 189), (138, 186), (128, 181), (96, 174)], 'bottom_lip': [(169, 204), (154, 204), (141, 200), (129, 196), (118, 191), (105, 184), (90, 172), (96, 174), (124, 184), (134, 188), (146, 192), (165, 201)]}]
